1715673785.000000
1715673785.099000
1715673785.199000
1715673785.298000
1715673785.399000
1715673785.499000
1715673785.597000
1715673785.699000
1715673785.799000
1715673785.900000
1715673785.998000
1715673786.099000
1715673786.198000
1715673786.298000
1715673786.400000
1715673786.498000
1715673786.599000
1715673786.699000
1715673786.798000
1715673786.899000
1715673786.999000
1715673787.098000
1715673787.200000
1715673787.298000
1715673787.399000
1715673787.499000
1715673787.599000
1715673787.698000
1715673787.799000
1715673787.899000
1715673787.999000
1715673788.099000
1715673788.198000
1715673788.298000
1715673788.399000
1715673788.499000
1715673788.598000
1715673788.698000
1715673788.798000
1715673788.899000
1715673788.999000
1715673789.099000
1715673789.198000
1715673789.299000
1715673789.397000
1715673789.499000
1715673789.599000
1715673789.698000
1715673789.799000
1715673789.897000
1715673790.000000
1715673790.098000
1715673790.198000
1715673790.299000
1715673790.399000
1715673790.499000
1715673790.598000
1715673790.699000
1715673790.800000
1715673790.897000
1715673790.999000
1715673791.099000
1715673791.198000
1715673791.300000
1715673791.399000
1715673791.499000
1715673791.599000
1715673791.699000
1715673791.799000
1715673791.897000
1715673791.999000
1715673792.098000
1715673792.198000
1715673792.299000
1715673792.399000
1715673792.498000
1715673792.599000
1715673792.699000
1715673792.799000
1715673792.898000
1715673792.999000
1715673793.099000
1715673793.199000
1715673793.298000
1715673793.399000
1715673793.499000
1715673793.598000
1715673793.699000
1715673793.797000
1715673793.899000
1715673793.998000
1715673794.099000
1715673794.198000
1715673794.298000
1715673794.399000
1715673794.498000
1715673794.599000
1715673794.698000
1715673794.799000
1715673794.899000
1715673794.998000
1715673795.099000
1715673795.199000
1715673795.298000
1715673795.399000
1715673795.499000
1715673795.599000
1715673795.699000
1715673795.799000
1715673795.898000
1715673795.998000
1715673796.098000
1715673796.199000
1715673796.298000
1715673796.398000
1715673796.498000
1715673796.599000
1715673796.699000
1715673796.799000
1715673796.899000
1715673796.999000
1715673797.099000
1715673797.198000
1715673797.299000
1715673797.399000
1715673797.499000
1715673797.599000
1715673797.699000
1715673797.799000
1715673797.898000
1715673797.998000
1715673798.099000
1715673798.199000
1715673798.299000
1715673798.398000
1715673798.498000
1715673798.599000
1715673798.698000
1715673798.799000
1715673798.899000
1715673798.999000
1715673799.099000
1715673799.198000
1715673799.298000
1715673799.398000
1715673799.495000
1715673799.598000
1715673799.701000
1715673799.796000
1715673799.896000
1715673799.996000
1715673800.098000
1715673800.199000
1715673800.298000
1715673800.396000
1715673800.494000
1715673800.596000
1715673800.697000
1715673800.798000
1715673800.898000
1715673800.998000
1715673801.098000
1715673801.198000
1715673801.299000
1715673801.398000
1715673801.499000
1715673801.599000
1715673801.698000
1715673801.798000
1715673801.898000
1715673801.999000
1715673802.100000
1715673802.196000
1715673802.296000
1715673802.399000
1715673802.500000
1715673802.598000
1715673802.700000
1715673802.798000
1715673802.899000
1715673802.999000
1715673803.097000
1715673803.199000
1715673803.299000
1715673803.399000
1715673803.499000
1715673803.599000
1715673803.699000
1715673803.799000
1715673803.899000
1715673803.999000
1715673804.099000
1715673804.199000
1715673804.298000
1715673804.399000
1715673804.499000
1715673804.600000
1715673804.699000
1715673804.799000
1715673804.899000
1715673804.999000
1715673805.100000
1715673805.199000
1715673805.300000
1715673805.400000
1715673805.499000
1715673805.599000
1715673805.699000
1715673805.798000
1715673805.897000
1715673806.000000
1715673806.099000
1715673806.199000
1715673806.300000
1715673806.400000
1715673806.498000
1715673806.600000
1715673806.699000
1715673806.799000
1715673806.899000
1715673806.999000
1715673807.098000
1715673807.197000
1715673807.299000
1715673807.399000
1715673807.499000
1715673807.598000
1715673807.699000
1715673807.800000
1715673807.899000
1715673807.999000
1715673808.099000
1715673808.199000
1715673808.300000
1715673808.399000
1715673808.500000
1715673808.599000
1715673808.699000
1715673808.799000
1715673808.899000
1715673808.999000
1715673809.099000
1715673809.199000
1715673809.299000
1715673809.399000
1715673809.500000
1715673809.599000
1715673809.697000
1715673809.798000
1715673809.900000
1715673809.998000
1715673810.099000
1715673810.199000
1715673810.299000
1715673810.397000
1715673810.496000
1715673810.599000
1715673810.699000
1715673810.799000
1715673810.899000
1715673811.000000
1715673811.099000
1715673811.199000
1715673811.299000
1715673811.399000
1715673811.496000
1715673811.598000
1715673811.699000
1715673811.800000
1715673811.899000
1715673811.999000
1715673812.099000
1715673812.199000
1715673812.300000
1715673812.398000
1715673812.499000
1715673812.599000
1715673812.700000
1715673812.799000
1715673812.899000
1715673812.999000
1715673813.098000
1715673813.200000
1715673813.300000
1715673813.399000
1715673813.499000
1715673813.601000
1715673813.699000
1715673813.798000
1715673813.900000
1715673813.999000
1715673814.097000
1715673814.197000
1715673814.300000
1715673814.400000
1715673814.499000
1715673814.597000
1715673814.700000
1715673814.796000
1715673814.898000
1715673814.998000
1715673815.098000
1715673815.199000
1715673815.299000
1715673815.395000
1715673815.499000
1715673815.599000
1715673815.699000
1715673815.799000
1715673815.899000
1715673815.999000
1715673816.100000
1715673816.199000
1715673816.300000
1715673816.398000
1715673816.500000
1715673816.596000
1715673816.700000
1715673816.800000
1715673816.898000
1715673817.000000
1715673817.099000
1715673817.198000
1715673817.299000
1715673817.400000
1715673817.499000
1715673817.599000
1715673817.699000
1715673817.798000
1715673817.900000
1715673817.998000
1715673818.099000
1715673818.199000
1715673818.299000
1715673818.396000
1715673818.498000
1715673818.599000
1715673818.700000
1715673818.796000
1715673818.899000
1715673818.999000
1715673819.099000
1715673819.199000
1715673819.299000
1715673819.399000
1715673819.500000
1715673819.597000
1715673819.699000
1715673819.799000
1715673819.900000
1715673819.999000
1715673820.097000
1715673820.199000
1715673820.299000
1715673820.400000
1715673820.499000
1715673820.600000
1715673820.700000
1715673820.799000
1715673820.899000
1715673821.000000
1715673821.100000
1715673821.197000
1715673821.299000
1715673821.399000
1715673821.499000
1715673821.599000
1715673821.699000
1715673821.799000
1715673821.900000
1715673821.999000
1715673822.099000
1715673822.148000
1715673822.199000
1715673822.300000
1715673822.399000
1715673822.497000
1715673822.600000
1715673822.700000
1715673822.797000
1715673822.899000
1715673822.999000
1715673823.100000
1715673823.199000
1715673823.299000
1715673823.400000
1715673823.496000
1715673823.600000
1715673823.699000
1715673823.800000
1715673823.899000
1715673823.999000
1715673824.099000
1715673824.196000
1715673824.300000
1715673824.399000
1715673824.500000
1715673824.597000
1715673824.701000
1715673824.800000
1715673824.896000
1715673825.000000
1715673825.097000
1715673825.199000
1715673825.297000
1715673825.399000
1715673825.496000
1715673825.600000
1715673825.700000
1715673825.798000
1715673825.899000
1715673825.999000
1715673826.096000
1715673826.199000
1715673826.300000
1715673826.399000
1715673826.496000
1715673826.600000
1715673826.699000
1715673826.799000
1715673826.900000
1715673826.997000
1715673827.097000
1715673827.199000
1715673827.296000
1715673827.400000
1715673827.499000
1715673827.598000
1715673827.699000
1715673827.800000
1715673827.897000
1715673828.000000
1715673828.095000
1715673828.200000
1715673828.298000
1715673828.399000
1715673828.500000
1715673828.599000
1715673828.697000
1715673828.800000
1715673828.897000
1715673829.000000
1715673829.099000
1715673829.200000
1715673829.297000
1715673829.400000
1715673829.499000
1715673829.600000
1715673829.699000
1715673829.797000
1715673829.900000
1715673830.000000
1715673830.099000
1715673830.199000
1715673830.299000
1715673830.400000
1715673830.496000
1715673830.600000
1715673830.698000
1715673830.800000
1715673830.899000
1715673830.997000
1715673831.099000
1715673831.200000
1715673831.300000
1715673831.397000
1715673831.500000
1715673831.597000
1715673831.699000
1715673831.800000
1715673831.896000
1715673832.000000
1715673832.097000
1715673832.196000
1715673832.299000
1715673832.397000
1715673832.499000
1715673832.601000
1715673832.696000
1715673832.799000
1715673832.897000
1715673833.000000
1715673833.100000
1715673833.199000
1715673833.300000
1715673833.397000
1715673833.500000
1715673833.597000
1715673833.699000
1715673833.795000
1715673833.899000
1715673833.996000
1715673834.099000
1715673834.197000
1715673834.299000
1715673834.397000
1715673834.499000
1715673834.597000
1715673834.700000
1715673834.796000
1715673834.899000
1715673834.996000
1715673835.100000
1715673835.199000
1715673835.300000
1715673835.399000
1715673835.499000
1715673835.599000
1715673835.699000
1715673835.799000
1715673835.896000
1715673836.000000
1715673836.096000
1715673836.199000
1715673836.297000
1715673836.397000
1715673836.500000
1715673836.597000
1715673836.700000
1715673836.800000
1715673836.899000
1715673836.999000
1715673837.098000
1715673837.199000
1715673837.300000
1715673837.398000
1715673837.497000
1715673837.600000
1715673837.696000
1715673837.799000
1715673837.900000
1715673837.999000
1715673838.099000
1715673838.199000
1715673838.300000
1715673838.398000
1715673838.500000
1715673838.599000
1715673838.698000
1715673838.796000
1715673838.899000
1715673838.997000
1715673839.099000
1715673839.200000
1715673839.300000
1715673839.397000
1715673839.499000
1715673839.599000
1715673839.696000
1715673839.799000
1715673839.896000
1715673839.996000
1715673840.099000
1715673840.196000
1715673840.297000
1715673840.399000
1715673840.496000
1715673840.597000
1715673840.697000
1715673840.799000
1715673840.897000
1715673840.999000
1715673841.099000
1715673841.199000
1715673841.300000
1715673841.401000
1715673841.497000
1715673841.597000
1715673841.699000
1715673841.796000
1715673841.900000
1715673841.999000
1715673842.096000
1715673842.199000
1715673842.300000
1715673842.398000
1715673842.498000
1715673842.599000
1715673842.698000
1715673842.798000
1715673842.900000
1715673842.999000
1715673843.099000
1715673843.199000
1715673843.300000
1715673854.513000
1715673854.614000
1715673854.712000
1715673854.813000
1715673854.912000
1715673855.013000
1715673855.112000
1715673855.212000
1715673855.312000
1715673855.412000
1715673855.513000
1715673855.613000
1715673855.713000
1715673855.813000
1715673855.912000
1715673856.013000
1715673856.113000
1715673856.213000
1715673856.313000
1715673856.414000
1715673856.513000
1715673856.613000
1715673856.713000
1715673856.813000
1715673856.913000
1715673857.013000
1715673857.113000
1715673857.213000
1715673857.313000
1715673857.413000
1715673857.512000
1715673857.613000
1715673857.713000
1715673857.813000
1715673857.914000
1715673858.012000
1715673858.112000
1715673858.213000
1715673858.313000
1715673858.413000
1715673858.513000
1715673858.614000
1715673858.712000
1715673858.813000
1715673858.913000
1715673859.013000
1715673859.113000
1715673859.213000
1715673859.313000
1715673859.413000
1715673859.513000
1715673859.613000
1715673859.713000
1715673859.813000
1715673859.913000
1715673860.013000
1715673860.113000
1715673860.213000
1715673860.313000
1715673860.414000
1715673860.513000
1715673860.614000
1715673860.713000
1715673860.813000
1715673860.913000
1715673861.013000
1715673861.113000
1715673861.213000
1715673861.313000
1715673861.412000
1715673861.513000
1715673861.613000
1715673861.713000
1715673861.813000
1715673861.912000
1715673862.013000
1715673862.113000
1715673862.213000
1715673862.313000
1715673862.413000
1715673862.513000
1715673862.613000
1715673862.713000
1715673862.813000
1715673862.913000
1715673863.013000
1715673863.114000
1715673863.213000
1715673863.313000
1715673863.413000
1715673863.513000
1715673863.615000
1715673863.713000
1715673863.813000
1715673863.913000
1715673864.013000
1715673864.113000
1715673864.213000
1715673864.313000
1715673864.413000
1715673864.513000
1715673864.613000
1715673864.713000
1715673864.813000
1715673864.912000
1715673865.013000
1715673865.113000
1715673865.214000
1715673865.313000
1715673865.413000
1715673865.513000
1715673865.613000
1715673865.713000
1715673865.812000
1715673865.913000
1715673866.013000
1715673866.113000
1715673866.213000
1715673866.313000
1715673866.413000
1715673866.513000
1715673866.613000
1715673866.713000
1715673866.813000
1715673866.913000
1715673867.013000
1715673867.113000
1715673867.213000
1715673867.313000
1715673867.413000
1715673867.514000
1715673867.613000
1715673867.713000
1715673867.813000
1715673867.913000
1715673868.013000
1715673868.113000
1715673868.214000
1715673868.313000
1715673868.413000
1715673868.513000
1715673868.613000
1715673868.713000
1715673868.813000
1715673868.913000
1715673869.013000
1715673869.113000
1715673869.213000
1715673869.313000
1715673869.413000
1715673869.513000
1715673869.613000
1715673869.712000
1715673869.813000
1715673869.913000
1715673870.013000
1715673870.113000
1715673870.213000
1715673870.313000
1715673870.412000
1715673870.513000
1715673870.614000
1715673870.713000
1715673870.813000
1715673870.913000
1715673871.013000
1715673871.113000
1715673871.213000
1715673871.313000
1715673871.413000
1715673871.513000
1715673871.614000
1715673871.713000
1715673871.813000
1715673871.913000
1715673872.013000
1715673872.113000
1715673872.213000
1715673872.314000
1715673872.413000
1715673872.513000
1715673872.613000
1715673872.713000
1715673872.813000
1715673872.914000
1715673873.013000
1715673873.113000
1715673873.213000
1715673873.313000
1715673873.413000
1715673873.514000
1715673873.613000
1715673873.712000
1715673873.813000
1715673873.913000
1715673874.013000
1715673874.113000
1715673874.213000
1715673874.313000
1715673874.413000
1715673874.512000
1715673874.613000
1715673874.713000
1715673874.813000
1715673874.913000
1715673875.013000
1715673875.113000
1715673875.213000
1715673875.313000
1715673875.413000
1715673875.512000
1715673875.613000
1715673875.713000
1715673875.813000
1715673875.913000
1715673876.014000
1715673876.113000
1715673876.213000
1715673876.313000
1715673876.412000
1715673876.513000
1715673876.613000
1715673876.713000
1715673876.813000
1715673876.913000
1715673877.013000
1715673877.113000
1715673877.213000
1715673877.313000
1715673877.413000
1715673877.513000
1715673877.613000
1715673877.713000
1715673877.813000
1715673877.913000
1715673878.013000
1715673878.112000
1715673878.213000
1715673878.312000
1715673878.413000
1715673878.513000
1715673878.613000
1715673878.713000
1715673878.813000
1715673878.913000
1715673879.013000
1715673879.112000
1715673879.213000
1715673879.313000
1715673879.413000
1715673879.513000
1715673879.613000
1715673879.714000
1715673879.813000
1715673879.914000
1715673880.013000
1715673880.113000
1715673880.213000
1715673880.313000
1715673880.413000
1715673880.513000
1715673880.613000
1715673880.713000
1715673880.813000
1715673880.913000
1715673881.013000
1715673881.113000
1715673881.213000
1715673881.313000
1715673881.413000
1715673881.513000
1715673881.613000
1715673881.713000
1715673881.813000
1715673881.913000
1715673882.013000
1715673882.113000
1715673882.213000
1715673882.313000
1715673882.413000
1715673882.513000
1715673882.613000
1715673882.713000
1715673882.813000
1715673882.912000
1715673883.013000
1715673883.113000
1715673883.213000
1715673883.314000
1715673883.413000
1715673883.513000
1715673883.613000
1715673883.713000
1715673883.812000
1715673883.913000
1715673884.013000
1715673884.113000
1715673884.213000
1715673884.313000
1715673884.413000
1715673884.513000
1715673884.614000
1715673884.713000
1715673884.813000
1715673884.913000
1715673885.013000
1715673885.113000
1715673885.214000
1715673885.313000
1715673885.413000
1715673885.513000
1715673885.613000
1715673885.713000
1715673885.813000
1715673885.913000
1715673886.013000
1715673886.112000
1715673886.213000
1715673886.313000
1715673886.413000
1715673886.513000
1715673886.613000
1715673886.713000
1715673886.813000
1715673886.912000
1715673887.013000
1715673887.113000
1715673887.213000
1715673887.313000
1715673887.413000
1715673887.514000
1715673887.565000
1715673887.613000
1715673887.713000
1715673887.813000
1715673887.913000
1715673888.013000
1715673888.113000
1715673888.214000
1715673888.313000
1715673888.413000
1715673888.513000
1715673888.613000
1715673888.713000
1715673888.813000
1715673888.866000
1715673888.913000
1715673889.013000
1715673889.113000
1715673889.213000
1715673889.313000
1715673889.366000
1715673889.413000
1715673889.513000
1715673889.613000
1715673889.713000
1715673889.814000
1715673889.913000
1715673890.014000
1715673890.113000
1715673890.213000
1715673890.313000
1715673890.413000
1715673890.466000
1715673890.513000
1715673890.613000
1715673890.713000
1715673890.813000
1715673890.913000
1715673891.013000
1715673891.113000
1715673891.214000
1715673891.313000
1715673891.413000
1715673891.513000
1715673891.613000
1715673891.713000
1715673891.813000
1715673891.913000
1715673892.013000
1715673892.113000
1715673892.213000
1715673892.313000
1715673892.413000
1715673892.513000
1715673892.614000
1715673892.666000
1715673892.713000
1715673892.813000
1715673892.913000
1715673893.013000
1715673893.114000
1715673893.213000
1715673893.313000
1715673893.414000
1715673893.512000
1715673893.613000
1715673893.712000
1715673893.813000
1715673893.913000
1715673894.013000
1715673894.113000
1715673894.214000
1715673894.313000
1715673894.413000
1715673894.512000
1715673894.613000
1715673894.712000
1715673894.813000
1715673894.913000
1715673895.012000
1715673895.113000
1715673895.213000
1715673895.313000
1715673895.413000
1715673895.513000
1715673895.613000
1715673895.713000
1715673895.812000
1715673895.913000
1715673896.013000
1715673896.113000
1715673896.213000
1715673896.313000
1715673896.413000
1715673896.513000
1715673896.613000
1715673896.713000
1715673896.813000
1715673896.913000
1715673897.012000
1715673897.113000
1715673897.213000
1715673897.312000
1715673897.413000
1715673897.513000
1715673897.612000
1715673897.713000
1715673897.813000
1715673897.912000
1715673898.013000
1715673898.113000
1715673898.213000
1715673898.312000
1715673898.413000
1715673898.513000
1715673898.618000
1715673898.715000
1715673898.817000
1715673898.920000
1715673899.016000
1715673899.114000
1715673899.213000
1715673899.314000
1715673899.412000
1715673899.513000
1715673899.613000
1715673899.712000
1715673899.813000
1715673899.913000
1715673900.013000
1715673900.113000
1715673900.212000
1715673900.313000
1715673900.413000
1715673900.513000
1715673900.613000
1715673900.713000
1715673900.813000
1715673900.913000
1715673901.013000
1715673901.113000
1715673901.213000
1715673901.313000
1715673901.413000
1715673901.513000
1715673901.613000
1715673901.712000
1715673901.813000
1715673901.913000
1715673902.013000
1715673902.112000
1715673902.213000
1715673902.312000
1715673902.412000
1715673902.513000
1715673902.613000
1715673913.899000
1715673913.999000
1715673914.099000
1715673914.199000
1715673914.299000
1715673914.399000
1715673914.499000
1715673914.599000
1715673914.699000
1715673914.798000
1715673914.900000
1715673914.999000
1715673915.098000
1715673915.199000
1715673915.300000
1715673915.399000
1715673915.499000
1715673915.598000
1715673915.699000
1715673915.799000
1715673915.900000
1715673915.999000
1715673916.099000
1715673916.199000
1715673916.299000
1715673916.399000
1715673916.499000
1715673916.599000
1715673916.699000
1715673916.800000
1715673916.899000
1715673916.999000
1715673917.099000
1715673917.200000
1715673917.299000
1715673917.399000
1715673917.500000
1715673917.600000
1715673917.700000
1715673917.799000
1715673917.899000
1715673917.999000
1715673918.099000
1715673918.199000
1715673918.299000
1715673918.398000
1715673918.499000
1715673918.599000
1715673918.699000
1715673918.799000
1715673918.900000
1715673918.999000
1715673919.099000
1715673919.199000
1715673919.299000
1715673919.399000
1715673919.500000
1715673919.599000
1715673919.699000
1715673919.799000
1715673919.899000
1715673919.999000
1715673920.099000
1715673920.199000
1715673920.299000
1715673920.399